UTM-SW = 36;R;217021.03223906067;3464846.3420550204
UTM-NE = 36;R;217988.0520465281;3465364.108947729
BBOX = 217021.03223906067;3464846.3420550204;967.0198074674117;517.766892708838
